Now running svm

params =

-q -s 0 -t 2 -c 2 -g 1

Accuracy = 44.1799% (1670/3780) (classification)

ans =

   44.1799


accr =

   44.1799


params =

-q -s 0 -t 2 -c 2 -g 2

Accuracy = 48.6772% (1840/3780) (classification)

ans =

   48.6772


accr =

   48.6772


params =

-q -s 0 -t 2 -c 2 -g 3

Accuracy = 50.7937% (1920/3780) (classification)

ans =

   50.7937


accr =

   50.7937


params =

-q -s 0 -t 2 -c 2 -g 4

Accuracy = 52.381% (1980/3780) (classification)

ans =

   52.3810


accr =

   52.3810


params =

-q -s 0 -t 2 -c 2 -g 5

Accuracy = 53.5714% (2025/3780) (classification)

ans =

   53.5714


accr =

   53.5714


params =

-q -s 0 -t 2 -c 2 -g 6

Accuracy = 54.0741% (2044/3780) (classification)

ans =

   54.0741


accr =

   54.0741


params =

-q -s 0 -t 2 -c 2 -g 7

Accuracy = 54.6032% (2064/3780) (classification)

ans =

   54.6032


accr =

   54.6032


params =

-q -s 0 -t 2 -c 2 -g 8

Accuracy = 55.5026% (2098/3780) (classification)

ans =

   55.5026


accr =

   55.5026


params =

-q -s 0 -t 2 -c 2 -g 9

Accuracy = 56.2963% (2128/3780) (classification)

ans =

   56.2963


accr =

   56.2963


params =

-q -s 0 -t 2 -c 2 -g 10

Accuracy = 56.5079% (2136/3780) (classification)

ans =

   56.5079


accr =

   56.5079


params =

-q -s 0 -t 2 -c 4 -g 1

Accuracy = 48.4392% (1831/3780) (classification)

ans =

   48.4392


params =

-q -s 0 -t 2 -c 4 -g 2

Accuracy = 52.328% (1978/3780) (classification)

ans =

   52.3280


params =

-q -s 0 -t 2 -c 4 -g 3

Accuracy = 54.709% (2068/3780) (classification)

ans =

   54.7090


params =

-q -s 0 -t 2 -c 4 -g 4

Accuracy = 55.8201% (2110/3780) (classification)

ans =

   55.8201


params =

-q -s 0 -t 2 -c 4 -g 5

Accuracy = 56.3757% (2131/3780) (classification)

ans =

   56.3757


params =

-q -s 0 -t 2 -c 4 -g 6

Accuracy = 56.7725% (2146/3780) (classification)

ans =

   56.7725


accr =

   56.7725


params =

-q -s 0 -t 2 -c 4 -g 7

Accuracy = 57.8836% (2188/3780) (classification)

ans =

   57.8836


accr =

   57.8836


params =

-q -s 0 -t 2 -c 4 -g 8

Accuracy = 58.3598% (2206/3780) (classification)

ans =

   58.3598


accr =

   58.3598


params =

-q -s 0 -t 2 -c 4 -g 9

Accuracy = 58.9418% (2228/3780) (classification)

ans =

   58.9418


accr =

   58.9418


params =

-q -s 0 -t 2 -c 4 -g 10

Accuracy = 59.3651% (2244/3780) (classification)

ans =

   59.3651


accr =

   59.3651


params =

-q -s 0 -t 2 -c 8 -g 1

Accuracy = 52.3016% (1977/3780) (classification)

ans =

   52.3016


params =

-q -s 0 -t 2 -c 8 -g 2

Accuracy = 55.5026% (2098/3780) (classification)

ans =

   55.5026


params =

-q -s 0 -t 2 -c 8 -g 3

Accuracy = 56.7725% (2146/3780) (classification)

ans =

   56.7725


params =

-q -s 0 -t 2 -c 8 -g 4

Accuracy = 57.8042% (2185/3780) (classification)

ans =

   57.8042


params =

-q -s 0 -t 2 -c 8 -g 5

Accuracy = 58.7302% (2220/3780) (classification)

ans =

   58.7302


params =

-q -s 0 -t 2 -c 8 -g 6

Accuracy = 59.4974% (2249/3780) (classification)

ans =

   59.4974


accr =

   59.4974


params =

-q -s 0 -t 2 -c 8 -g 7

Accuracy = 60.1852% (2275/3780) (classification)

ans =

   60.1852


accr =

   60.1852


params =

-q -s 0 -t 2 -c 8 -g 8

Accuracy = 61.164% (2312/3780) (classification)

ans =

   61.1640


accr =

   61.1640


params =

-q -s 0 -t 2 -c 8 -g 9

Accuracy = 61.9312% (2341/3780) (classification)

ans =

   61.9312


accr =

   61.9312


params =

-q -s 0 -t 2 -c 8 -g 10

Accuracy = 62.6984% (2370/3780) (classification)

ans =

   62.6984


accr =

   62.6984


params =

-q -s 0 -t 2 -c 16 -g 1

Accuracy = 55.0529% (2081/3780) (classification)

ans =

   55.0529


params =

-q -s 0 -t 2 -c 16 -g 2

Accuracy = 57.4868% (2173/3780) (classification)

ans =

   57.4868


params =

-q -s 0 -t 2 -c 16 -g 3

Accuracy = 59.0212% (2231/3780) (classification)

ans =

   59.0212


params =

-q -s 0 -t 2 -c 16 -g 4

Accuracy = 59.9471% (2266/3780) (classification)

ans =

   59.9471


params =

-q -s 0 -t 2 -c 16 -g 5

Accuracy = 61.2963% (2317/3780) (classification)

ans =

   61.2963


params =

-q -s 0 -t 2 -c 16 -g 6

Accuracy = 62.672% (2369/3780) (classification)

ans =

   62.6720


params =

-q -s 0 -t 2 -c 16 -g 7

Accuracy = 63.6243% (2405/3780) (classification)

ans =

   63.6243


accr =

   63.6243


params =

-q -s 0 -t 2 -c 16 -g 8

Accuracy = 64.1534% (2425/3780) (classification)

ans =

   64.1534


accr =

   64.1534


params =

-q -s 0 -t 2 -c 16 -g 9

Accuracy = 64.709% (2446/3780) (classification)

ans =

   64.7090


accr =

   64.7090


params =

-q -s 0 -t 2 -c 16 -g 10

Accuracy = 65.4762% (2475/3780) (classification)

ans =

   65.4762


accr =

   65.4762


params =

-q -s 0 -t 2 -c 32 -g 1

Accuracy = 56.7725% (2146/3780) (classification)

ans =

   56.7725


params =

-q -s 0 -t 2 -c 32 -g 2

Accuracy = 59.3651% (2244/3780) (classification)

ans =

   59.3651


params =

-q -s 0 -t 2 -c 32 -g 3

Accuracy = 61.0053% (2306/3780) (classification)

ans =

   61.0053


params =

-q -s 0 -t 2 -c 32 -g 4

Accuracy = 62.7249% (2371/3780) (classification)

ans =

   62.7249


params =

-q -s 0 -t 2 -c 32 -g 5

Accuracy = 63.8889% (2415/3780) (classification)

ans =

   63.8889


params =

-q -s 0 -t 2 -c 32 -g 6

Accuracy = 64.9471% (2455/3780) (classification)

ans =

   64.9471


params =

-q -s 0 -t 2 -c 32 -g 7

Accuracy = 66.164% (2501/3780) (classification)

ans =

   66.1640


accr =

   66.1640


params =

-q -s 0 -t 2 -c 32 -g 8

Accuracy = 66.9841% (2532/3780) (classification)

ans =

   66.9841


accr =

   66.9841


params =

-q -s 0 -t 2 -c 32 -g 9

Accuracy = 67.4868% (2551/3780) (classification)

ans =

   67.4868


accr =

   67.4868


params =

-q -s 0 -t 2 -c 32 -g 10

Accuracy = 67.8307% (2564/3780) (classification)

ans =

   67.8307


accr =

   67.8307


params =

-q -s 0 -t 2 -c 64 -g 1

Accuracy = 58.5185% (2212/3780) (classification)

ans =

   58.5185


params =

-q -s 0 -t 2 -c 64 -g 2

Accuracy = 61.0582% (2308/3780) (classification)

ans =

   61.0582


params =

-q -s 0 -t 2 -c 64 -g 3

Accuracy = 63.8095% (2412/3780) (classification)

ans =

   63.8095


params =

-q -s 0 -t 2 -c 64 -g 4

Accuracy = 65.4233% (2473/3780) (classification)

ans =

   65.4233


params =

-q -s 0 -t 2 -c 64 -g 5

Accuracy = 66.2963% (2506/3780) (classification)

ans =

   66.2963


params =

-q -s 0 -t 2 -c 64 -g 6

Accuracy = 67.4339% (2549/3780) (classification)

ans =

   67.4339


params =

-q -s 0 -t 2 -c 64 -g 7

Accuracy = 68.1217% (2575/3780) (classification)

ans =

   68.1217


accr =

   68.1217


params =

-q -s 0 -t 2 -c 64 -g 8

Accuracy = 68.5185% (2590/3780) (classification)

ans =

   68.5185


accr =

   68.5185


params =

-q -s 0 -t 2 -c 64 -g 9

Accuracy = 69.3386% (2621/3780) (classification)

ans =

   69.3386


accr =

   69.3386


params =

-q -s 0 -t 2 -c 64 -g 10

Accuracy = 70.3968% (2661/3780) (classification)

ans =

   70.3968


accr =

   70.3968


params =

-q -s 0 -t 2 -c 128 -g 1

Accuracy = 60.5026% (2287/3780) (classification)

ans =

   60.5026


params =

-q -s 0 -t 2 -c 128 -g 2

Accuracy = 63.6508% (2406/3780) (classification)

ans =

   63.6508


params =

-q -s 0 -t 2 -c 128 -g 3

Accuracy = 66.1111% (2499/3780) (classification)

ans =

   66.1111


params =

-q -s 0 -t 2 -c 128 -g 4

Accuracy = 67.5661% (2554/3780) (classification)

ans =

   67.5661


params =

-q -s 0 -t 2 -c 128 -g 5

Accuracy = 68.6243% (2594/3780) (classification)

ans =

   68.6243


params =

-q -s 0 -t 2 -c 128 -g 6

Accuracy = 69.2857% (2619/3780) (classification)

ans =

   69.2857


params =

-q -s 0 -t 2 -c 128 -g 7

Accuracy = 69.7884% (2638/3780) (classification)

ans =

   69.7884


params =

-q -s 0 -t 2 -c 128 -g 8

Accuracy = 71.0582% (2686/3780) (classification)

ans =

   71.0582


accr =

   71.0582


params =

-q -s 0 -t 2 -c 128 -g 9

Accuracy = 71.7196% (2711/3780) (classification)

ans =

   71.7196


accr =

   71.7196


